-1.615428283781498919e+02 8.433670681011393810e+01
-1.624717593037870813e+02 8.485702355602691682e+01
-1.641985367079287528e+02 8.571924282657681715e+01
-1.654096279168873593e+02 8.633361446863024469e+01
-1.673249378281599320e+02 8.727099031366294923e+01
-1.684269204068280317e+02 8.775670609454186888e+01
-1.723150278181636850e+02 8.976250874511794109e+01
-1.731802491611847756e+02 9.012613247415754358e+01
-1.758285432341220940e+02 9.152292771081798151e+01
-1.768138825827562357e+02 9.200037302681865015e+01
