0.000000000000000000e+00 6.516666666666666163e-01
5.000000000000000000e+00 6.216666666666667007e-01
1.000000000000000000e+01 5.983333333333333837e-01
1.500000000000000000e+01 5.683333333333333570e-01
2.000000000000000000e+01 5.383333333333333304e-01
2.500000000000000000e+01 5.183333333333333126e-01
3.000000000000000000e+01 4.849999999999999867e-01
3.500000000000000000e+01 4.550000000000000711e-01
4.000000000000000000e+01 4.216666666666666896e-01
4.500000000000000000e+01 3.916666666666667185e-01
