1.071504896603978851e+00 1.400000000000000000e+01
2.736534799462003065e+00 2.300000000000000000e+01
4.401564702320027500e+00 2.500000000000000000e+01
6.066594605178051935e+00 3.800000000000000000e+01
7.731624508036075483e+00 3.500000000000000000e+01
9.396654410894099030e+00 6.000000000000000000e+01
1.106168431375212435e+01 7.700000000000000000e+01
1.272671421661014790e+01 8.900000000000000000e+01
1.439174411946817145e+01 1.140000000000000000e+02
1.605677402232619500e+01 1.440000000000000000e+02
1.772180392518422209e+01 1.710000000000000000e+02
1.938683382804224564e+01 1.520000000000000000e+02
2.105186373090026919e+01 1.750000000000000000e+02
2.271689363375829629e+01 2.020000000000000000e+02
2.438192353661631984e+01 1.960000000000000000e+02
2.604695343947434338e+01 2.270000000000000000e+02
2.771198334233236693e+01 2.190000000000000000e+02
2.937701324519039048e+01 1.740000000000000000e+02
3.104204314804841403e+01 1.660000000000000000e+02
3.270707305090643757e+01 1.430000000000000000e+02
3.437210295376446112e+01 1.540000000000000000e+02
3.603713285662248467e+01 1.200000000000000000e+02
3.770216275948050821e+01 1.180000000000000000e+02
3.936719266233853176e+01 1.250000000000000000e+02
4.103222256519655531e+01 1.160000000000000000e+02
4.269725246805457886e+01 9.200000000000000000e+01
4.436228237091260951e+01 8.200000000000000000e+01
4.602731227377063306e+01 8.800000000000000000e+01
4.769234217662865660e+01 6.400000000000000000e+01
4.935737207948668015e+01 7.200000000000000000e+01
5.102240198234470370e+01 4.800000000000000000e+01
5.268743188520272724e+01 4.600000000000000000e+01
5.435246178806075079e+01 4.700000000000000000e+01
5.601749169091877434e+01 2.400000000000000000e+01
5.768252159377679789e+01 3.600000000000000000e+01
5.934755149663482143e+01 3.100000000000000000e+01
6.101258139949284498e+01 2.400000000000000000e+01
6.267761130235086853e+01 1.300000000000000000e+01
6.434264120520890629e+01 7.000000000000000000e+00
6.600767110806691562e+01 1.300000000000000000e+01
6.767270101092495338e+01 9.000000000000000000e+00
6.933773091378296272e+01 7.000000000000000000e+00
7.100276081664100047e+01 4.000000000000000000e+00
7.266779071949900981e+01 7.000000000000000000e+00
7.433282062235704757e+01 7.000000000000000000e+00
7.599785052521505690e+01 3.000000000000000000e+00
7.766288042807309466e+01 2.000000000000000000e+00
7.932791033093110400e+01 2.000000000000000000e+00
8.099294023378914176e+01 0.000000000000000000e+00
8.265797013664715109e+01 3.000000000000000000e+00
